1.00142041718179
1.00210482003789
1.00078814627995
1.00414412036426
1.00260883314009
1.00113077550162
1.00539454199281
1.00591700346039
1.00007871949620
1.00239316239316
1.00050491629019
1.03071091088891
1.00242283788054
1.00289595619208
1.00050162367664
1.00031827706018
1.00215931533904
1.00181564613320
1.03236166680275
1.02561453121601
1.03331245063057
1.00379716794557
1.00002624189781
1.00371296905859
1.00018368364428
1.00194644642012
1.00239461080996
1.00015748858208
1.00026251542278
1.00281779158876
1.00055125344533
1.00102507490932
1.00443135381839
1.00060456313742
1.00158002844051
1.00013128183585
1.00231888693427
1.00068316779652
1.03112534259586
1.00654168328680
1.00373203955962
1.02165879973028
1.01460869565217
1.00068352699932
1.00005248655032
1.00212961745760
1.00327730204039
1.00405437634152
1.01163223030754
1.00102628878187
1.00018397813288
1.00031573962006
1.00060678010817
1.00424186536688
1.00279131007242
1.00013121293235
1.01140491452991
1.00055155749330
1.00052526525896
1.00084790673026
1.01839603695274
1.00891757270634
1.00013121637580
1.00002624258647
1.00239316239316
1.00060419786167
1.00002634837826
1.00874937031047
1.00134016554986
1.00166415722323
1.00002634629571
1.00052724540637
1.00071018991004
1.01093592397940
1.00324025289779
1.00684153525108
1.00002624052061
1.00007871743066
1.00408529031918
1.00200005263296
1.00015746378333
1.00181664999210
1.00128754237065
1.00007872156184
1.00002623983207
1.00089281025156
1.00089726334679
1.00235917826375
1.00171160733095
1.02319961333978
1.00002627637491
1.00218231535772
1.00034118943887
1.00535648319173
1.01437584857440
1.00086652837224
1.00023618947645
1.00160382815376
1.00197420373783
1.00013120260306
1.00013158241006
1.00118402357523
1.00073529411765
1.00115588714338
1.00015756302521
1.00136716182464
1.00239316239316
1.00013119916033
1.01651366324974
1.02161959174915
1.00168190896668
1.00250013158587
1.00005247415648
1.00026244652652
1.00018377044446
1.00807072503783
1.00044620593716
1.00441670413372
1.00031578947368
1.00052512734338
1.00385580351248
1.00039373178990
1.00189828363521
1.00039401103231
1.00091940737627
1.00265810458720
1.00052507219743
1.00007873809086
1.00255135590100
1.00049874002520
1.00078806346538
1.01500842719174
1.00065709930085
1.00326780161282
1.00028872906714
1.00002623983207
1.00020995171111
1.00202572939412
1.00285223821471
1.02654437550580
1.00861038029180
1.02125992760279
1.00233496073021
1.00221011918857
1.00055139818826
1.00068259385666
1.01866949290722
1.00127649389676
1.00275205080709
1.00007877530657
1.00215827338130
1.00026248097013
1.00791198252438
1.02338421565443
1.03058319551013
1.02793296089385
1.00505090572524
1.00028885796066
1.00007874635798
1.00289427985055
1.00194962588260
1.00047463347748
1.01192472517235
1.00621446515933
1.00144573246064
1.00015750511892
1.00002623638987
1.00126116657909
1.00015745138688
1.00532784723321
1.00023618327822
1.00023618327822
1.00015747618173
1.00128720414007
1.00052509976896
1.00118206414668
1.00110511774766
1.00356266328873
1.00076251577619
1.00005247828711
1.00047457090880
1.00002624258647
1.00255196001052
1.00068295245600
1.00002623707824
1.00212961745760
1.00150336278518
1.00276439459758
1.00007879185817
1.00005249068290
1.00719500581949
1.00348147171304
1.00013133011137
1.00318462955652
1.00042042199858
1.00007871536524
1.00289443216504
1.00194521844277
1.00013120948907
1.00044631136781
1.00118346307595
1.00503771693833
1.00060561377640
1.00060380132311
1.00065677131223
1.00005248792778
1.00005247553328
1.00047246574623
1.01966676504521
1.00106097981486
1.00050153098934
1.00031497716416
1.02167207574498
1.00199789695058
1.00021022204704
1.00292791010525
1.00010496483678
1.00268541189480
1.00687557847415
1.00226667720935
1.00021033811853
1.00049926424217
1.00005247553328
1.00226137260058
1.00105133124819
1.00193096151303
1.01754667093983
1.00002623638987
1.00834488642423
1.00005251273434
1.01533160607922
1.00005247415648
1.00403108944803
1.00413636842660
1.00002623638987
1.00044626450360
1.00068268347118
1.00112949829262
1.00007871329992
1.00005247828711
1.00750925436277
1.00331797235023
1.00081396875410
1.00031721694996
1.00226321745309
1.03259544259897
1.00260409816661
1.00231709590646
1.01895125672529
1.01369241445577
1.01641882692154
1.00162926367793
1.00165575967831
1.00070890330034
1.00007871949620
1.00005248104122
1.00073513967654
1.00002623776664
1.00081396875410
1.00110331783434
1.00002623983207
1.00005247553328
1.00002623638987
1.00034118048448
1.00740642772120
1.00234247512765
1.00504317059647
1.00165632558629
1.00337285902503
1.00068259385666
1.00018371739016
1.00168554121675
1.00102424035507
1.00142232523837
1.00007871743066
1.00057773109244
1.00089318551989
1.00397870994941
1.00055131133339
1.00002623914355
1.00002623638987
1.00007872775941
1.00057751876936
1.00418210693489
1.01257343363726
1.00398269768423
1.00002623638987
1.00589027708075
1.00274239907180
1.00002623638987
1.00120903093542
1.00105097214924
1.00013121293235
1.00026244652652
1.00344872976175
1.00310779846717
1.00285706727335
1.00729830499511
1.00036781126028
1.00036796593687
1.00197337262538
1.00063013626697
1.00107713324926
1.00002623914355
1.00144504873755
1.00023664904946
1.00113393634134
1.00271338250790
1.00554470085019
1.00055128238784
1.00165999156830
1.00002624809701
1.00091909351120
1.00094597435358
1.00224108837798
1.00005249343832
1.00028868360277
1.00005247691016
1.00034208725857
1.00176916374007
1.00543492599530
1.00282769556025
1.00078789788843
1.00611515552614
1.00013119571777
1.00002623638987
1.00055138371055
1.00031496889682
1.00015743899239
1.00281512273409
1.00305311364952
1.00236779794791
1.00065658157369
1.00013120948907
1.00005247415648
1.00041994750656
1.00210742604252
1.00703536195086
1.01058608155793
1.00036773397074
1.00544239253917
1.00102424035507
1.00355590675622
1.00031494409742
1.00057800430876
1.00005247415648
1.00567521908985
1.00084024787312
1.00126096779278
1.00128720414007
1.00005247553328
1.00002623638987
1.00158027812895
1.00316055625790
1.00010497861061
1.00052498950021
1.00290176216102
1.00173474215423
1.00002623776664
1.00213124243541
1.00472033965349
1.00070966724491
1.00073513967654
1.00115603899004
1.00007871536524
1.00126339062459
1.00524927459773
1.00118200204880
1.00094604893175
1.00434446547083
1.01479875829587
1.01161362665528
1.00205674506909
1.00312657322276
1.01018308165174
1.00099795157309
1.00506863780359
1.01333475286790
1.00092384848885
1.00002624189781
1.01379090013578
1.00010561892691
1.00055125344533
1.00512262448243
1.00071430461123
1.01250998136811
1.00031501023783
1.00538504390270
1.00128720414007
1.00002623983207
1.00013121293235
1.00018369810529
1.00039369045432
1.00107693520002
1.00123476250525
1.00002623638987
1.00049872693388
1.00002623707824
1.00005247691016
1.00005247415648
1.00086655112652
1.00002625154228
1.00002624189781
1.00007872156184
1.00018369810529
1.00005247415648
1.00020992967356
1.00010500892576
1.00026257746035
1.00160340658185
1.00013123359580
1.00044633480361
1.00055199242982
1.00126090154460
1.00081399012709
1.00052509976896
1.00002623983207
1.00249861918414
1.00002623638987
1.00155124362413
1.00065703022339
1.00128733941098
1.00220913107511
1.00361401287327
1.00102518269281
1.00105138651597
1.00013120948907
1.00002624189781
1.00155030611977
1.00005247691016
1.00097186835124
1.00010496208245
1.00057776143705
1.00065632301594
1.00458618871903
1.00157919671527
1.00007886228017
1.00047246574623
1.00070920122928
1.00002624465265
1.00007872156184
1.00271252501843
1.00458715596330
1.00031494409742
1.00173455978975
1.00334430546412
1.00538144982589
1.00197249033480
1.00047246574623
1.00005248241839
1.00026242586469
1.00020992967356
1.00136612021858
1.00242833764451
1.01131258457375
1.00647154384937
1.00778787316892
1.02436432017006
1.00100646254900
1.04031230965170
1.00052576235542
1.03454763592736
1.00099795157309
1.00013177313936
1.00108698533895
1.00173519823325
1.00044640512578
1.00242130750605
1.00073583517292
1.00010496208245
1.01119164357280
1.01310881381221
1.01557624089830
1.00020992967356
1.00013244331426
1.00076351956190
1.00136824102092
1.00355843745058
1.00692956703430
1.01283245919970
1.01296281508691
1.01427582165877
1.00007871329992
1.00601805416249
1.00223525389855
1.00002623707824
1.00073564184751
1.00034118048448
1.00135253401225
1.00439095357757
1.00219222947096
1.00296006554431
1.00543204642412
1.00807091823234
1.00203407740061
1.00658555937583
1.00028896419471
1.00172221927826
1.00002624534145
1.00002624603029
1.00343688037013
1.00026242586469
1.00057751876936
1.00023621427259
1.00002624327516
1.00070886607682
1.00477496966180
1.00263268744735
1.00488539135946
1.00002624120920
1.00023618327822
1.00021005093735
1.00070908947659
1.00060473799069
1.00002623845508
1.00218231535772
1.00477433990135
1.00010495932826
1.00641736650293
1.00034127900872
1.00007878151261
1.00063104753891
1.00002631440451
1.00503931190966
1.00382545377797
1.00034118048448
1.00002623638987
1.00131350811748
1.00081738121605
1.00501041639197
1.00126159749783
1.00007872569344
1.00076141465592
1.00377258936816
1.00490700435299
1.00002630748185
1.00218426800705
1.00028867602677
1.00134108180599
1.00002623707824
1.00207736201320
1.00034161082644
1.00078889239508
1.00068336531133
1.01418420842537
1.00131350811748
1.00005247691016
1.00005247691016
1.00002623707824
1.00005247415648
1.00015745551882
1.00002623707824
1.00007871743066
1.00034120734908
1.00147136100893
1.00007871949620
1.00010497034588
1.00241952451084
1.00519679223383
1.00740153317473
1.00002623845508
1.00028867602677
1.00028870633317
1.00036743478033
1.00028872148875
1.00031501850734
1.00268322197085
1.00039520484785
1.00379546652609
1.00091935907539
1.00165645623537
1.00047252776101
1.00443377055237
1.00295202952030
1.00028868360277
1.00170823368637
1.01879060739223
1.02710429083848
1.00013121981944
1.00036772431183
1.00023622047244
1.00021153947856
1.02024737832751
1.00260409816661
1.00039371112103
1.00044620593716
1.00002623707824
1.00139242834248
1.00052498950021
1.00844026987697
1.00118246794198
1.00086730268864
1.00002623707824
1.00002623638987
1.00416249538964
1.00015743899239
1.00005248104122
1.00005247828711
1.00081399012709
1.00007871329992
