1513.8
860.5
2477.2
489.5
778.5
1048.0
396.8
363.3
13624.5
888.6
4302.5
68.9
35.8
736.5
1572.1
6812.2
996.9
610.1
68.8
23.7
24.1
35.2
1634.9
579.8
11678.1
1104.7
879.0
6812.2
7431.5
764.0
2637.0
2096.1
486.6
2151.2
1340.1
7431.5
939.6
3144.1
71.3
297.3
469.8
100.3
129.1
860.5
40873.5
1009.2
659.2
99.1
167.9
63.0
2637.0
6288.2
771.2
504.6
771.2
2818.9
191.4
3892.7
3406.1
1901.1
119.0
245.5
5839.1
81747.0
879.0
3554.2
40873.5
247.7
1513.8
1297.6
11678.1
4087.3
2919.5
198.4
664.6
314.4
81747.0
11678.1
514.1
292.0
698.7
1061.6
309.6
1993.8
81747.0
2270.8
2404.3
778.5
851.5
86.3
13.2
764.0
6288.2
402.7
120.4
125.0
9083.0
1238.6
1090.0
5839.1
16349.4
1816.6
2554.6
1486.3
5109.2
1513.8
793.7
16349.4
132.5
22.9
18.6
860.5
162.2
6288.2
9083.0
267.1
129.8
489.5
183.3
743.2
517.4
146.0
1034.8
2477.2
2209.4
614.6
349.3
27249.0
834.2
4302.5
2151.2
143.4
98.6
619.3
1703.1
16349.4
10218.4
996.9
331.0
82.1
78.5
94.6
156.3
659.2
1572.1
3144.1
119.0
86.3
648.8
3269.9
1009.2
8174.7
275.2
86.1
36.3
38.3
74.0
3715.8
27249.0
736.5
1104.7
786.0
182.5
257.1
1486.3
13624.5
81747.0
1703.1
13624.5
404.7
9083.0
9083.0
13624.5
1668.3
4087.3
1602.9
1857.9
563.8
1739.3
40873.5
4541.5
4808.6
842.8
2151.2
20436.8
1009.2
1434.2
659.2
20436.8
27249.0
300.5
601.1
4541.5
675.6
5109.2
27249.0
743.2
793.7
16349.4
4808.6
1703.1
391.1
1703.1
3406.1
3269.9
40873.5
40873.5
4541.5
111.5
284.8
203.4
6288.2
101.2
157.2
10218.4
723.4
1104.7
793.7
259.5
408.7
10218.4
3892.7
40873.5
950.5
2043.7
1119.8
124.0
376.7
261.2
428.0
142.4
40873.5
534.3
316.8
81747.0
4808.6
2919.5
1901.1
7431.5
40873.5
286.8
99.8
261.2
6812.2
950.5
53.2
65.0
939.6
92.8
107.8
132.9
250.8
1297.6
1167.8
20436.8
40873.5
2724.9
81747.0
2637.0
1634.9
13624.5
40873.5
81747.0
6288.2
292.0
888.6
241.1
340.6
316.8
146.0
11678.1
928.9
710.8
1513.8
9083.0
3715.8
2209.4
510.9
2404.3
40873.5
81747.0
27249.0
3715.8
517.4
42.0
48.5
292.0
366.6
129.3
537.8
1777.1
1901.1
9083.0
8174.7
624.0
692.8
67.8
198.4
62.8
1167.8
1090.0
1459.8
1703.1
40873.5
1486.3
9083.0
1901.1
786.0
191.0
417.1
1202.2
81747.0
2335.6
2270.8
908.3
1061.6
7431.5
27249.0
6288.2
1220.1
340.6
250.0
2096.1
333.7
1184.7
81747.0
3892.7
6812.2
13624.5
764.0
704.7
286.8
3144.1
16349.4
20436.8
5109.2
1021.8
255.5
61.1
194.6
393.0
90.2
605.5
1777.1
3554.2
9083.0
380.2
1362.5
1703.1
1572.1
40873.5
81747.0
1362.5
47.2
80.9
366.6
743.2
501.5
81747.0
1009.2
295.1
619.3
2919.5
1857.9
16349.4
1703.1
406.7
1340.1
2270.8
495.4
137.2
81.7
385.6
321.8
214.6
1816.6
425.8
95.9
172.1
81747.0
157.8
20436.8
3892.7
423.6
419.2
72.3
984.9
400.7
879.0
81747.0
16349.4
10218.4
5109.2
1993.8
1739.3
1993.8
4302.5
81747.0
40873.5
40873.5
2043.7
6288.2
81747.0
27249.0
11678.1
40873.5
10218.4
20436.8
7431.5
1340.1
8174.7
2404.3
3892.7
1486.3
2637.0
4087.3
81747.0
860.5
81747.0
1385.5
527.4
1572.1
670.1
203.9
278.1
1602.9
10218.4
11678.1
1362.5
40873.5
2209.4
9083.0
2818.9
2818.9
469.8
267.1
5449.8
3892.7
3027.7
11678.1
11678.1
764.0
245.5
548.6
1220.1
643.7
271.6
423.6
2043.7
40873.5
5839.1
9083.0
1459.8
888.6
152.8
305.0
248.5
75.5
98.3
56.1
77.1
63.5
415.0
16349.4
1993.8
825.7
675.6
888.6
1021.8
20436.8
194.6
88.7
140.0
1777.1
16349.4
2818.9
710.8
605.5
199.9
111.2
72.8
145.7
434.8
358.5
404.7
40873.5
2919.5
5449.8
1602.9
151.7
118.3
454.1
113.4
68.2
137.4
249.2
116.6
1257.6
5449.8
81747.0
628.8
423.6
3715.8
9083.0
81747.0
3027.7
451.6
277.1
319.3
363.3
9083.0
7431.5
2477.2
3554.2
16349.4
984.9
451.6
152.2
328.3
105.6
8174.7
996.9
2637.0
428.0
55.0
216.3
301.6
1513.8
2637.0
371.6
643.7
8174.7
2818.9
571.7
58.0
47.6
939.6
75.3
1602.9
3892.7
1021.8
98.5
2477.2
2919.5
130.6
82.7
40873.5
40873.5
81747.0
40873.5
13624.5
40873.5
20436.8
5839.1
1385.5
1602.9
16349.4
888.6
415.0
273.4
851.5
7431.5
7431.5
5839.1
7431.5
6812.2
801.4
5449.8
567.7
2335.6
1135.4
4541.5
486.6
710.8
6288.2
1220.1
117.3
59.3
94.0
5449.8
8174.7
10218.4
108.6
95.1
5449.8
3715.8
40873.5
1542.4
4087.3
250.0
109.1
686.9
1602.9
81747.0
514.1
13624.5
20436.8
20436.8
2335.6
7431.5
