705.018518518519
476.100000000000
1269.80000000000
242.305732484076
384.313131313131
885.348837209302
186.372549019608
170.004464285714
12704.3333333333
418.857142857143
1981.52631578947
33.5617173524150
413.739130434783
346.309090909091
1994.52631578947
3142.91666666667
464.109756097561
551.768115942029
31.9007569386039
40.0403397027601
31.0188062142273
264.354166666667
38108
270.326241134752
5445.14285714286
514.756756756757
418.604395604396
6350.66666666667
3810.30000000000
355.887850467290
1815.04761904762
976.538461538462
226.664670658683
1655.08695652174
633.900000000000
7618.20000000000
432.241379310345
1464.76923076923
33.1281604184830
153.865853658537
268.950000000000
47.1706102117061
69.4523809523810
1464
19053.5000000000
470.567901234568
306.129032258065
247.647058823529
86.9680365296804
975.384615384615
5436.42857142857
3168.16666666667
1649.04347826087
236.745341614907
359.254716981132
7622.20000000000
88.6814988290398
1814.04761904762
1904.80000000000
1180.37500000000
55.3595342066958
113.138138138138
7622
38107
418.857142857143
1656.08695652174
37954
115.293939393939
747.176470588235
601.904761904762
37957
1897.65000000000
1409.07407407407
92.4417475728155
309.617886178862
147.166023166023
38110
12704.6666666667
245.780645161290
500.986842105263
6351.66666666667
551.463768115942
777.673469387755
12704
38111
1121.05882352941
1115.50000000000
424.876404494382
585.246153846154
44.1041666666667
38058
459.228915662651
2931.92307692308
187.689655172414
70.5611111111111
1155.03030303030
4234.88888888889
624.508196721312
507.533333333333
7622.80000000000
7600.80000000000
845.577777777778
1361
866.136363636364
6347.66666666667
732.442307692308
418.857142857143
7623
61.5559157212318
47.2543424317618
595.562500000000
400.978947368421
19058
3811.30000000000
5442.57142857143
124.904605263158
2242.11764705882
227.413173652695
3167.66666666667
1905.30000000000
260.349315068493
2540.80000000000
527.791666666667
2539
1088.65714285714
377.207920792079
1905.50000000000
12701.3333333333
392.948453608247
2006.05263157895
1269.93333333333
67.6292335115865
1522.84000000000
307.016129032258
3464.45454545455
38111
4764
494.649350649351
351.601851851852
38.6727642276423
117.138888888889
48.0368487928844
429.272727272727
453.464285714286
1814.57142857143
1466
54.5633187772926
784.395833333333
364.365384615385
12695.3333333333
464.333333333333
3810.80000000000
127.390572390572
43.7638888888889
33.6976950354610
36.8000000000000
198.984293193717
3462.90909090909
12700
346.509090909091
513.918918918919
2107.88888888889
84.8593750000000
161.914893617021
692.690909090909
6350
38116
793.916666666667
6352.16666666667
188.693069306931
4235
4235
6351.16666666667
777.877551020408
1905.40000000000
846.977777777778
905.880952380952
281.688888888889
1312.44827586207
19056.5000000000
2108.16666666667
38107
392.855670103093
1465.23076923077
38115
470.567901234568
666.175438596491
362.742857142857
12692.6666666667
19052
139.985294117647
288.234848484849
7615.40000000000
315.008264462810
2379.56250000000
12705
346.490909090909
515.081081081081
7622.40000000000
2241.58823529412
845.977777777778
199.502617801047
1652.21739130435
1657.17391304348
1523.60000000000
19053
19057.5000000000
2117.55555555556
51.8472032742156
943.525000000000
1994.89473684211
3175.83333333333
47.1423267326733
501.526315789474
4757.87500000000
342.540540540541
9528
373.382352941176
146.442307692308
442.174418604651
4755.25000000000
2003.94736842105
19057.5000000000
443.209302325581
952.175000000000
518.876712328767
57.9908675799087
38116
120.833865814697
19044
66.2247386759582
19058
249.071895424837
242.757961783439
38116
2241.82352941177
1465.80769230769
886.348837209302
12705.3333333333
19056.5000000000
134.169014084507
302.388888888889
1229.54838709677
3153.41666666667
442.848837209302
31.6791354945968
385.010101010101
432.574712643678
53.7669491525424
74.0331384015595
61.9056910569106
614.774193548387
604.952380952381
1411.62962962963
12704.3333333333
19055.5000000000
1361.28571428571
38114
1229.54838709677
907.357142857143
38111
19057.5000000000
38116
2932
136.017857142857
427.898876404494
199.287958115183
604.746031746032
297.484375000000
1466
5444.14285714286
594.281250000000
977.333333333333
704.074074074074
12704.6666666667
1731.90909090909
1120.58823529412
252.337748344371
1814.85714285714
38112
38116
12703
1732.54545454545
240.113924050633
80.5327695560254
252.086092715232
38116
170.771300448430
365.644230769231
38116
828.108695652174
952.500000000000
7622.20000000000
3811.30000000000
290.961832061069
322.771186440678
351.009259259259
138.018115942029
2719.78571428571
2718.64285714286
507.746666666667
1587.95833333333
929.390243902439
38112
693.018181818182
4226.66666666667
882.883720930233
369.543689320388
181.352380952381
1814.95238095238
603.412698412698
38099
1089.02857142857
1058.11111111111
447.211764705882
19051
3465
19057
2924.23076923077
566.238805970149
184.995145631068
354.644859813084
1270.20000000000
164.528138528139
7623.20000000000
38116
1814.61904761905
3175.91666666667
6352.66666666667
356.224299065421
328.534482758621
423.333333333333
1524.04000000000
7622.40000000000
19058
2382.25000000000
475.512500000000
143.139097744361
95.4636591478697
2720.35714285714
184.742718446602
977.333333333333
282.222222222222
3176.16666666667
1731.09090909091
19058
177.204651162791
1191.12500000000
794.041666666667
777.877551020408
19057.5000000000
38116
633.800000000000
317.400000000000
9526.75000000000
1905.80000000000
345.618181818182
577.454545454546
38114
470.209876543210
212.849162011173
1410.11111111111
1361.28571428571
866.022727272727
12705
792.520833333333
191.502512562814
847.022222222222
1058.02777777778
231.177914110429
68.5732368896926
87.1057471264368
487.205128205128
320.838983050847
99.2020997375328
1003.05263157895
198.291666666667
75.9920159680639
1083.42857142857
38108
73.5115830115830
9469
1815.04761904762
196.212435233161
1400.96296296296
80.9361702127660
3175.50000000000
186.699507389163
777.877551020408
38111
7622.20000000000
5444.71428571429
2541.06666666667
929.560975609756
810.872340425532
38116
2006.10526315789
38115
19057
19058
1155
38094
38108
12704
5444.71428571429
19058
4764.50000000000
9524
3809.40000000000
624.672131147541
7621
2241.47058823529
1812.61904761905
794.083333333333
1229.51612903226
1905.40000000000
38111
401.221052631579
38116
645.644067796610
1523.00000000000
777.795918367347
453.666666666667
277.700729927007
976.435897435897
952.125000000000
7622.40000000000
38108
646.033898305085
19057
1029.94594594595
9528.25000000000
1731.81818181818
1524.64000000000
219.045977011494
634.233333333333
12681.3333333333
2117.55555555556
1411.03703703704
38104
12704
369.660194174757
219
3176.16666666667
577.515151515152
300.015748031496
186.823529411765
507.973333333333
2117.55555555556
19055
3811.60000000000
4764.50000000000
733
412.804347826087
89.3971291866029
155.522633744856
129.404761904762
42.0436241610738
994.578947368421
25.8063186813187
1903
29.9455406471981
1003.05263157895
7589.80000000000
920.975609756098
577.303030303030
2241.11764705882
414
1360
9528.25000000000
90.3523809523810
77.2845528455285
65.2003424657534
4764.50000000000
7551.40000000000
1310.72413793103
731.865384615385
282.022222222222
145.309160305344
78.9273858921162
78.1437371663244
71.0485074626866
12705.3333333333
167.166666666667
448.376470588235
38115
1360.35714285714
2932
740.352941176471
228.740963855422
457.156626506024
338.830357142857
185.092682926829
124.901639344262
492.623376623377
152.847389558233
3461.63636363636
581.646153846154
38103
38102
291.961538461538
3811.60000000000
1732.54545454545
4234.44444444444
38106
1411.70370370370
210.425414364641
380.840000000000
205.691891891892
38109
4235
4761.75000000000
1411.25925925926
1654.60869565217
38113
459.228915662651
210.453038674033
9528.50000000000
156.827160493827
2931.15384615385
12694.3333333333
1585.66666666667
38003
199.439790575916
262.406896551724
2932
38116
762.320000000000
1224.41935483871
200.584210526316
793.645833333333
12703.3333333333
1314.34482758621
266.069930069930
204.790322580645
38013
458.819277108434
3465.09090909091
746.666666666667
38115
482.379746835443
2928.30769230769
1268.60000000000
1464.34615384615
71.5009380863039
762.320000000000
19057
19057
38115
19058
6352
38115
12704.6666666667
2931.76923076923
680.642857142857
12704.3333333333
9527.50000000000
414.304347826087
193.426395939086
136.107142857143
38113
3465.09090909091
3464.72727272727
2722.57142857143
3464.54545454546
3175.41666666667
373.686274509804
2531.33333333333
264.472222222222
1088.71428571429
604.698412698413
2117.27777777778
226.541666666667
339.750000000000
3465
586.400000000000
54.2180774748924
37.8945273631841
7621.80000000000
2720.42857142857
4234.33333333333
4728.25000000000
50.3891102257636
385.010101010101
2540.93333333333
2242.11764705882
38115
719.169811320755
1905.80000000000
119.479623824451
846.688888888889
1154
38115
38116
241.240506329114
6352.66666666667
19055.5000000000
19056.5000000000
1229.51612903226
12705.3333333333
